Some((
    red: 0.2930429,
    green: 0.2930429,
    blue: 0.2930429,
))