(
    extremely_low: 0.95,
    extremely_low_2: 0.92692,
    very_low: 0.90385,
    very_low_2: 0.88076,
    low: 0.85769004,
    low_2: 0.83461,
    medium: 0.81154,
    medium_2: 0.78846,
    high: 0.76538,
    high_2: 0.74231,
    very_high: 0.71023,
    very_high_2: 0.69615,
    extremely_high: 0.67308,
    extremely_high_2: 0.65000004,
)